34 368
2 2
3 2
4 2
4 2
4 2
4 2
5 12
5 12
5 12
6 13
6 20
6 20
6 20
7 20
8 20
8 20
8 22
9 29
10 29
10 29
10 29
10 29
10 29
10 32
11 32
11 32
11 32
11 53
11 53
12 53
12 53
12 61
13 61
13 61
13 63
13 63
14 63
15 63
16 63
16 63
17 63
18 63
19 63
19 63
19 77
19 77
20 77
21 77
21 77
21 77
21 77
21 78
21 85
21 85
21 85
21 85
22 85
23 86
23 86
23 90
24 90
24 90
24 90
25 94
25 94
25 94
26 94
26 94
26 94
27 94
27 94
27 106
27 109
27 113
28 116
28 116
28 116
28 116
28 117
28 117
29 117
29 117
29 117
29 117
29 139
30 139
30 139
31 139
31 145
32 147
33 147
33 147
33 147
33 149
33 149
34 149
35 149
35 149
35 167
36 167
37 167
38 167
39 167
40 168
40 168
40 168
41 168
42 168
43 168
43 168
43 182
44 184
45 184
46 184
47 197
47 197
48 197
48 205
49 205
49 205
49 205
49 207
49 209
49 216
50 216
51 216
52 216
53 216
53 216
53 221
53 221
53 226
54 229
54 229
54 229
54 234
54 234
55 234
55 234
55 234
56 234
57 234
57 234
58 235
58 241
59 241
60 241
61 241
61 241
61 241
62 252
62 254
63 259
63 259
64 259
65 259
66 259
66 259
67 268
67 268
68 268
68 268
68 268
69 268
70 268
70 268
70 268
71 281
72 281
72 281
73 281
73 281
73 281
74 297
74 300
75 304
75 318
76 318
76 318
77 318
78 318
79 321
80 321
80 321
80 321
81 321
81 324
81 336
81 344
82 344
82 345
82 346
82 346
82 346
82 348
82 348
82 348
82 348
82 352
83 359
83 359
83 359
83 359
84 359
85 359
85 359
85 365
85 365
86 365
86 365
86 365
87 365
87 365
88 365
89 365
90 365
90 365
90 372
90 372
90 372
91 372
92 372
93 372
94 372
94 372
95 373
95 373
96 373
96 373
96 374
96 376
96 377
96 377
97 377
97 381
98 381
99 381
100 381
100 381
101 384
101 384
101 384
101 384
101 384
101 384
101 384
101 391
101 391
101 391
101 391
101 394
102 394
103 394
104 394
105 394
105 395
106 395
106 398
106 411
107 411
107 411
108 411
109 411
110 415
110 415
111 415
111 415
111 415
111 415
112 415
112 429
113 429
114 429
115 429
115 429
115 434
116 434
116 434
117 434
118 434
119 441
119 441
119 441
119 441
120 441
120 441
120 441
120 441
120 441
120 441
121 445
122 451
122 451
122 451
123 451
123 451
123 455
124 455
124 455
125 455
125 455
126 455
126 459
126 472
126 472
126 472
127 481
127 481
128 481
128 489
128 489
128 489
128 489
129 495
130 495
131 495
131 495
131 495
132 495
132 513
132 520
133 520
133 520
133 520
134 522
134 522
134 522
135 522
136 522
136 522
137 522
137 524
138 524
138 524
139 524
139 524
139 524
140 526
140 526
141 526
141 526
142 526
142 526
143 526
144 533
144 542
145 542
145 542
146 554
146 555
146 555
147 555
148 555
148 555
149 555
149 555
149 557
150 572
150 572
151 572
151 572
152 572
152 572
152 582
153 582
153 582
153 582
154 582
